Test:inputData/quadraticq0
0.0405779
0.0205647
0.01035
0.00519173

Test:inputData/quadratic
0.064325
0.032746
0.0165196
0.00829653

Test:inputData/periodicq1
0.200698
0.0988143
0.0493073
0.0246741

Test:inputData/periodicDiff
0.245524
0.122021
0.0612124
0.0307076

Test:inputData/periodic
0.228273
0.11525
0.0578951
0.0290137

Test:inputData/linearq1
7.9997e-14
2.01307e-13
3.21026e-13
4.34741e-12

Test:inputData/linearq0
2.27157e-14
4.5004e-14
5.30387e-13
1.17715e-12

Test:inputData/exponential
0.0494924
0.0252908
0.0127857
0.00642839

