Test:inputData/quadraticq0
0.000428824
0.000106519
2.65858e-05
6.64419e-06

Test:inputData/quadratic
0.000676494
0.000169198
4.23811e-05
1.0611e-05

Test:inputData/periodicq1
0.00673455
0.00171834
0.000432029
0.000108195

Test:inputData/periodicDiff
0.00891118
0.00227393
0.000571425
0.000143046

Test:inputData/periodic
0.0050219
0.00126856
0.000318033
7.95739e-05

Test:inputData/linearq1
1.32976e-14
3.21313e-14
3.43062e-14
8.40923e-13

Test:inputData/linearq0
3.90044e-15
4.36419e-15
9.58e-14
2.40915e-13

Test:inputData/exponential
0.000498913
0.000124943
3.13243e-05
7.84726e-06

