Test:inputData/quadraticq1
0.00795337
0.00200934
0.000504247
0.000126259

Test:inputData/quadraticq0
0.000271668
6.73864e-05
1.681e-05
4.20079e-06

Test:inputData/quadratic
0.000271668
6.73864e-05
1.681e-05
4.20079e-06

Test:inputData/periodicq1
0.0149234
0.00406985
0.00114953
0.000340706

Test:inputData/periodicq0
0.00795589
0.0020099
0.000504367
0.000126286

Test:inputData/linearq0
0.00898454
0.00247013
0.000707993
0.000214254

Test:inputData/linear
5.82679e-15
1.73243e-14
9.93814e-14
2.62487e-13

Test:inputData/cubicq0
0.000324617
8.02782e-05
1.9993e-05
4.99219e-06

