Test:inputData/quadraticq1
0.488401
0.247583
0.124611
0.0625074

Test:inputData/quadraticq0
0.025526
0.0129691
0.00653624
0.00328107

Test:inputData/quadratic
0.025526
0.0129691
0.00653624
0.00328107

Test:inputData/periodicq1
0.84525
0.480327
0.286108
0.179507

Test:inputData/periodicq0
0.480502
0.243557
0.122582
0.0614891

Test:inputData/linearq0
0.559897
0.317914
0.189765
0.119585

Test:inputData/linear
5.06409e-14
1.44535e-13
5.35584e-13
1.4009e-12

Test:inputData/cubicq0
0.0299432
0.0153086
0.00773888
0.00389062

