Test:inputData/quadraticq0
0.0405779
0.0205647
0.01035
0.00519173

Test:inputData/quadratic
0.064325
0.032746
0.0165196
0.00829653

Test:inputData/periodicq1
0.200698
0.0988143
0.0493073
0.0246741

Test:inputData/periodicDiff
1.07844
1.93008
3.79258
7.56118


Test:inputData/periodic
0.228273
0.11525
0.0578951
0.0290137

Test:inputData/linearq1
6.65958e-14
1.62405e-13
3.05996e-13
4.15708e-12

Test:inputData/linearq0
2.77772e-14
5.61965e-14
5.42194e-13
1.40443e-12

Test:inputData/exponential
0.0494924
0.0252908
0.0127857
0.00642839

