Test:inputData/quadraticq0
0.000428824
0.000106519
2.65858e-05
6.64419e-06

Test:inputData/quadratic
0.000676494
0.000169198
4.23811e-05
1.0611e-05

Test:inputData/periodicq1
0.00673455
0.00171834
0.000432029
0.000108195

Test:inputData/periodicDiff
0.117195
0.21316
0.4192
0.835741


Test:inputData/periodic
0.0050219
0.00126856
0.000318033
7.95739e-05

Test:inputData/linearq1
8.47407e-15
1.72659e-14
2.80818e-14
7.93799e-13

Test:inputData/linearq0
5.43494e-15
8.86906e-15
9.71519e-14
2.8758e-13

Test:inputData/exponential
0.000498913
0.000124943
3.13243e-05
7.84726e-06

